0201612150812020001010904:
0201612150838430000000000:
0201612150838480001010302:
0201612150853560000000000:
0201612150908130001010303:
0201612150917350001010510:
0201612150918570000000000:
0201612150919030000000000:
0201612150919110001010403:
0201612150921060001010104:
0201612150921120001010202:
0201612150924140001010404:
0201612150925570001010702:
0201612150930480001010703:
0201612150930520000000000:
0201612150930570001010601:
0201612150931290001010602:
0201612150938370001010102:
0201612150941380001010908:
0201612150944490001010305:
0201612150946470001010402:
0201612150951460001010301:
0201612150953590001010304:
0201612150958320001010603:
0201612151027190001010909:
0201612151027540001010405:
0201612151030100001010701:
0201612151051420000000000:
0201612151051470000000000:
0201612151120150000000000:
0201612151139590000000000:
0201612151224250000000000:
0201612151258330001010401:
0201612151459170001010204:
0201612151534360000000000:
0201612151757470001010702:
0201612152027100000000000:
0201612152103260000000000:
0201612152104090000000000:
0201612152135430000000000:
